lines: 1000
ess: 10
full LL: -5864.0	 Correlation accuracy: 0.1606990622335891
ess: 40
full LL: -6064.0	 Correlation accuracy: 0.18125
ess: 50
